    20710 0.6870338441791E-001 0.1227637973049E-001
    20711 0.6826011737092E-001 0.1174775252363E-001
    20712 0.6870905980968E-001 0.1216397284735E-001
    20713 0.6868676198992E-001 0.1205380179560E-001
    20714 0.6863799274650E-001 0.1195276402424E-001
    20715 0.6856577925736E-001 0.1186699080223E-001
    20716 0.6847460051270E-001 0.1180179310415E-001
    20717 0.6836988274343E-001 0.1176114944914E-001
    20718 0.6703694825519E-001 0.1175015086945E-001
    20719 0.6814441712936E-001 0.1174797884931E-001
    20720 0.6798745801938E-001 0.1174829332023E-001
    20721 0.6779252773872E-001 0.1174868847394E-001
    20722 0.6759757716467E-001 0.1174908198190E-001
    20723 0.6740275129013E-001 0.1174946200237E-001
    20724 0.6721510400755E-001 0.1174981907139E-001
    20725 0.6634220462820E-001 0.1244548752828E-001
    20726 0.6685723137256E-001 0.1177410592578E-001
    20727 0.6668956385739E-001 0.1184379180359E-001
    20728 0.6654587958611E-001 0.1195419148178E-001
    20729 0.6643507274365E-001 0.1209874553052E-001
    20730 0.6636572702890E-001 0.1226656174426E-001
    20731 0.6634806177163E-001 0.1253573995447E-001
    20732 0.6643883001234E-001 0.1392225720166E-001
    20733 0.6635999076088E-001 0.1271939822956E-001
    20734 0.6637231061520E-001 0.1290866280051E-001
    20735 0.6638465953688E-001 0.1309803213448E-001
    20736 0.6639704201471E-001 0.1328738999832E-001
    20737 0.6640945732095E-001 0.1347673694032E-001
    20738 0.6642179511954E-001 0.1366422796541E-001
    20739 0.6643203011294E-001 0.1381939560477E-001
    20740 0.6592781053646E-001 0.1425547090172E-001
    20741 0.6643248833937E-001 0.1401549486747E-001
    20742 0.6640210976375E-001 0.1410290014992E-001
    20743 0.6634925046615E-001 0.1417998639313E-001
    20744 0.6627886136688E-001 0.1423968778557E-001
    20745 0.6619559012573E-001 0.1427880660278E-001
    20746 0.6610459783578E-001 0.1429487453401E-001
    20747 0.6601300048237E-001 0.1428666786476E-001
    20748 0.6544750389071E-001 0.1400489606449E-001
    20749 0.6585192478399E-001 0.1421586441286E-001
    20750 0.6574796199168E-001 0.1416161431243E-001
    20751 0.6561886401471E-001 0.1409427822009E-001
    20752 0.6552347459644E-001 0.1404452805203E-001
    20753 0.6497733009703E-001 0.1415228390190E-001
    20754 0.6503034538381E-001 0.1407719727679E-001
    20755 0.6510085078727E-001 0.1401875110442E-001
    20756 0.6518352582229E-001 0.1398085908148E-001
    20757 0.6527285930144E-001 0.1396563477751E-001
    20758 0.6536306714701E-001 0.1397393892455E-001
    20759 0.6490675512553E-001 0.1428702701637E-001
    20760 0.6020880724967E-001 0.2326144753660E-001
    20761 0.6482397049586E-001 0.1444520371058E-001
    20762 0.6473217022394E-001 0.1462056425936E-001
    20763 0.6463982394338E-001 0.1479694188568E-001
    20764 0.6454747756799E-001 0.1497331563956E-001
    20765 0.6445513755393E-001 0.1514968253620E-001
    20766 0.6436279542287E-001 0.1532604920942E-001
    20767 0.6427045239793E-001 0.1550240449685E-001
    20768 0.6417810533412E-001 0.1567875895111E-001
    20769 0.6408576407869E-001 0.1585510823616E-001
    20770 0.6399342415586E-001 0.1603145427116E-001
    20771 0.6390108191744E-001 0.1620779406170E-001
    20772 0.6380874570215E-001 0.1638413412715E-001
    20773 0.6371641031069E-001 0.1656046921413E-001
    20774 0.6362406871528E-001 0.1673680401698E-001
    20775 0.6353172649238E-001 0.1691312739051E-001
    20776 0.6343939098832E-001 0.1708944877270E-001
    20777 0.6334705264870E-001 0.1726576628742E-001
    20778 0.6325472239590E-001 0.1744208379929E-001
    20779 0.6316239376577E-001 0.1761840014122E-001
    20780 0.6307006384439E-001 0.1779471461826E-001
    20781 0.6297774072043E-001 0.1797102262429E-001
    20782 0.6288541216358E-001 0.1814733499187E-001
    20783 0.6279308567431E-001 0.1832364734013E-001
    20784 0.6270075667424E-001 0.1849995629398E-001
    20785 0.6260843944068E-001 0.1867626956575E-001
    20786 0.6251612413190E-001 0.1885257970927E-001
    20787 0.6242381286420E-001 0.1902888790243E-001
    20788 0.6233150545260E-001 0.1920518913731E-001
    20789 0.6223920295978E-001 0.1938149169564E-001
    20790 0.6214690513961E-001 0.1955779319877E-001
    20791 0.6205461134896E-001 0.1973409463957E-001
    20792 0.6196231565564E-001 0.1991039534336E-001
    20793 0.6187002194307E-001 0.2008669638866E-001
    20794 0.6177773564869E-001 0.2026299531371E-001
    20795 0.6168544963308E-001 0.2043929048314E-001
    20796 0.6159316799398E-001 0.2061558263126E-001
    20797 0.6150089432854E-001 0.2079186874997E-001
    20798 0.6140861907774E-001 0.2096815602235E-001
    20799 0.6131634600173E-001 0.2114444156509E-001
    20800 0.6122407864924E-001 0.2132072360537E-001
    20801 0.6113181742230E-001 0.2149700375951E-001
    20802 0.6103956568759E-001 0.2167328511611E-001
    20803 0.6094732121569E-001 0.2184956504821E-001
    20804 0.6085507642247E-001 0.2202584621027E-001
    20805 0.6076283658404E-001 0.2220213420680E-001
    20806 0.6067060988507E-001 0.2237841900720E-001
    20807 0.6057839026314E-001 0.2255470494427E-001
    20808 0.6048617933386E-001 0.2273099355773E-001
    20809 0.6039397866298E-001 0.2290728441766E-001
    20810 0.6030179786658E-001 0.2308357452199E-001
    20811 0.6080340649553E-001 0.2489450317895E-001
    20812 0.6013302621074E-001 0.2344139263362E-001
    20813 0.6008811497928E-001 0.2363141296795E-001
    20814 0.6007530544249E-001 0.2382628896125E-001
    20815 0.6009495383971E-001 0.2402065100610E-001
    20816 0.6014651573457E-001 0.2420915762305E-001
    20817 0.6022857139471E-001 0.2438661012997E-001
    20818 0.6033886434290E-001 0.2454812705191E-001
    20819 0.6047436122760E-001 0.2468924139406E-001
    20820 0.6063134549458E-001 0.2480606058988E-001
    20821 0.6165835418264E-001 0.2524867410903E-001
    20822 0.6097440153267E-001 0.2496535165824E-001
    20823 0.6114539044437E-001 0.2503618896858E-001
    20824 0.6131637955448E-001 0.2510702210888E-001
    20825 0.6148736528730E-001 0.2517785105096E-001
    20826 0.6305025130005E-001 0.2474424274031E-001
    20827 0.6185249198366E-001 0.2530873660697E-001
    20828 0.6205433261231E-001 0.2533200730163E-001
    20829 0.6225694864049E-001 0.2531766514072E-001
    20830 0.6245341037382E-001 0.2526619560767E-001
    20831 0.6263700910972E-001 0.2517937744991E-001
    20832 0.6280147672893E-001 0.2506020764554E-001
    20833 0.6294118063257E-001 0.2491279060263E-001
    20834 0.6774745793805E-001 0.1577411692523E-001
    20835 0.6314245069741E-001 0.2456828673200E-001
    20836 0.6323464774881E-001 0.2439234763790E-001
    20837 0.6332684184534E-001 0.2421641684697E-001
    20838 0.6341903278721E-001 0.2404049601551E-001
    20839 0.6351122618091E-001 0.2386458653334E-001
    20840 0.6360342148364E-001 0.2368868639428E-001
    20841 0.6369561528126E-001 0.2351278821706E-001
    20842 0.6378781581530E-001 0.2333690150604E-001
    20843 0.6388001715670E-001 0.2316102286862E-001
    20844 0.6397221728878E-001 0.2298514839178E-001
    20845 0.6406441700534E-001 0.2280927977062E-001
    20846 0.6415662164825E-001 0.2263341897241E-001
    20847 0.6424881930555E-001 0.2245755995066E-001
    20848 0.6434101603811E-001 0.2228170521965E-001
    20849 0.6443320505076E-001 0.2210585925554E-001
    20850 0.6452539037938E-001 0.2193001352945E-001
    20851 0.6461757238973E-001 0.2175417006325E-001
    20852 0.6470975393139E-001 0.2157832450535E-001
    20853 0.6480193418473E-001 0.2140248814517E-001
    20854 0.6489411726831E-001 0.2122664704745E-001
    20855 0.6498629090280E-001 0.2105080859937E-001
    20856 0.6507846636910E-001 0.2087497160958E-001
    20857 0.6517062865032E-001 0.2069913276994E-001
    20858 0.6526279078386E-001 0.2052329777534E-001
    20859 0.6535494355414E-001 0.2034745928181E-001
    20860 0.6544708925924E-001 0.2017161719375E-001
    20861 0.6553923443133E-001 0.1999577160679E-001
    20862 0.6563137395726E-001 0.1981992279938E-001
    20863 0.6572349739033E-001 0.1964407437798E-001
    20864 0.6581561863896E-001 0.1946822291099E-001
    20865 0.6590773331942E-001 0.1929236950652E-001
    20866 0.6599983970031E-001 0.1911650697556E-001
    20867 0.6609193812514E-001 0.1894064416697E-001
    20868 0.6618402180613E-001 0.1876477557135E-001
    20869 0.6627610939971E-001 0.1858890675139E-001
    20870 0.6636817604650E-001 0.1841303279330E-001
    20871 0.6646023784318E-001 0.1823715355808E-001
    20872 0.6655229026453E-001 0.1806127023506E-001
    20873 0.6664433165445E-001 0.1788537441301E-001
    20874 0.6673636531159E-001 0.1770948070622E-001
    20875 0.6682838332803E-001 0.1753357696972E-001
    20876 0.6692038113315E-001 0.1735767638491E-001
    20877 0.6701237575615E-001 0.1718176184936E-001
    20878 0.6710434719035E-001 0.1700584497635E-001
    20879 0.6719630205246E-001 0.1682991814322E-001
    20880 0.6728823854108E-001 0.1665398606909E-001
    20881 0.6738015211606E-001 0.1647804111487E-001
    20882 0.6747203515855E-001 0.1630208592883E-001
    20883 0.6756388132714E-001 0.1612611483571E-001
    20884 0.6765569288552E-001 0.1595012497261E-001
    20885 0.6812769081376E-001 0.1504278901842E-001
    20886 0.6784254899684E-001 0.1559134586392E-001
    20887 0.6793761112436E-001 0.1540853101575E-001
    20888 0.6803265646168E-001 0.1522568487285E-001
    20889 0.6820128503991E-001 0.1483825817797E-001
    20890 0.6824446140254E-001 0.1463592103993E-001
    20891 0.6828704875609E-001 0.1443346228277E-001
    20892 0.6832904771024E-001 0.1423088328382E-001
    20893 0.6837046394896E-001 0.1402818384196E-001
    20894 0.6841129777357E-001 0.1382536358341E-001
    20895 0.6845154756181E-001 0.1362243116350E-001
    20896 0.6849121953065E-001 0.1341938207955E-001
    20897 0.6853030837770E-001 0.1321622276247E-001
    20898 0.6856882244531E-001 0.1301295260428E-001
    20899 0.6860675685575E-001 0.1280957075361E-001
    20900 0.6864389817449E-001 0.1260726563255E-001
    20901 0.6867896371884E-001 0.1241328139615E-001
