    21738 0.5871348305879E-001 0.3774397710046E-001
    21739 0.5725696155741E-001 0.3991044960354E-001
    21740 0.5860638689344E-001 0.3790919382586E-001
    21741 0.5849883561368E-001 0.3807411757689E-001
    21742 0.5839082948375E-001 0.3823874177376E-001
    21743 0.5828237088158E-001 0.3840307032513E-001
    21744 0.5817346092516E-001 0.3856709998614E-001
    21745 0.5806410205776E-001 0.3873082895138E-001
    21746 0.5795430040351E-001 0.3889426377842E-001
    21747 0.5784405415048E-001 0.3905739903183E-001
    21748 0.5773336167411E-001 0.3922023092795E-001
    21749 0.5762223277491E-001 0.3938276895325E-001
    21750 0.5751066101024E-001 0.3954499988143E-001
    21751 0.5740619148475E-001 0.3969606951654E-001
    21752 0.5732431433816E-001 0.3981390367371E-001
    21753 0.5880606500451E-001 0.3754731607345E-001
    21754 0.5905431746689E-001 0.3676132887919E-001
    21755 0.5899231876518E-001 0.3695780531593E-001
    21756 0.5893027226462E-001 0.3715429116995E-001
    21757 0.5886818968800E-001 0.3735079066212E-001
    21758 0.6207576281346E-001 0.2709694550845E-001
    21759 0.6201654148607E-001 0.2728657684364E-001
    21760 0.6195732292614E-001 0.2747618466946E-001
    21761 0.6189811138340E-001 0.2766577931258E-001
    21762 0.6183891058984E-001 0.2785536917528E-001
    21763 0.6177971136374E-001 0.2804495410036E-001
    21764 0.6172052478532E-001 0.2823452802236E-001
    21765 0.6166134414786E-001 0.2842410039351E-001
    21766 0.6160216933040E-001 0.2861367069605E-001
    21767 0.6154299892402E-001 0.2880323267520E-001
    21768 0.6148383454138E-001 0.2899278964344E-001
    21769 0.6142467139787E-001 0.2918234392074E-001
    21770 0.6136551013332E-001 0.2937189178950E-001
    21771 0.6130635421480E-001 0.2956143677600E-001
    21772 0.6124720102663E-001 0.2975097777522E-001
    21773 0.6118805057214E-001 0.2994051631901E-001
    21774 0.6112890025105E-001 0.3013005223355E-001
    21775 0.6106974925316E-001 0.3031958356582E-001
    21776 0.6101059242233E-001 0.3050910832209E-001
    21777 0.6095143782634E-001 0.3069863124090E-001
    21778 0.6089228638777E-001 0.3088815176457E-001
    21779 0.6083312094815E-001 0.3107766633257E-001
    21780 0.6077396128797E-001 0.3126718388475E-001
    21781 0.6071479696190E-001 0.3145668844916E-001
    21782 0.6065562509890E-001 0.3164618122450E-001
    21783 0.6059644470213E-001 0.3183567141678E-001
    21784 0.6053726086153E-001 0.3202517036575E-001
    21785 0.6047808007819E-001 0.3221466470301E-001
    21786 0.6041888694867E-001 0.3240415304309E-001
    21787 0.6035969105223E-001 0.3259364607740E-001
    21788 0.6030048317076E-001 0.3278313720285E-001
    21789 0.6024126697652E-001 0.3297261523784E-001
    21790 0.6018204626938E-001 0.3316209210656E-001
    21791 0.6012282670039E-001 0.3335157000438E-001
    21792 0.6006359360694E-001 0.3354104112379E-001
    21793 0.6000434206393E-001 0.3373050857159E-001
    21794 0.5994508203109E-001 0.3391997663879E-001
    21795 0.5988581409610E-001 0.3410944876987E-001
    21796 0.5982654290149E-001 0.3429891846765E-001
    21797 0.5976726060352E-001 0.3448837201281E-001
    21798 0.5970795912191E-001 0.3467782688224E-001
    21799 0.5964864319374E-001 0.3486727399741E-001
    21800 0.5958931615629E-001 0.3505671686707E-001
    21801 0.5952997537196E-001 0.3524615546701E-001
    21802 0.5947061809652E-001 0.3543558923335E-001
    21803 0.5941122359351E-001 0.3562501493256E-001
    21804 0.5935181614638E-001 0.3581442905927E-001
    21805 0.5929238384377E-001 0.3600382183267E-001
    21806 0.5923292787249E-001 0.3619321808829E-001
    21807 0.5917343027168E-001 0.3638259512582E-001
    21808 0.5911389636287E-001 0.3657195525452E-001
    21809 0.6144822836033E-001 0.2575595834044E-001
    21810 0.6162797430265E-001 0.2585077947064E-001
    21811 0.6178714664873E-001 0.2597706111664E-001
    21812 0.6192027527961E-001 0.2613048607824E-001
    21813 0.6202280010748E-001 0.2630581312548E-001
    21814 0.6209123525428E-001 0.2649703704580E-001
    21815 0.6212326541850E-001 0.2669760693033E-001
    21816 0.6211781318045E-001 0.2690063899543E-001
    21817 0.6059327782740E-001 0.2540179716687E-001
    21818 0.6076428190665E-001 0.2547262181774E-001
    21819 0.6093527365288E-001 0.2554345254475E-001
    21820 0.6110626120394E-001 0.2561428403118E-001
    21821 0.6127724515745E-001 0.2568511855308E-001
    21822 0.5901810084131E-001 0.2613604062255E-001
    21823 0.5909175607614E-001 0.2595521427498E-001
    21824 0.5919436396338E-001 0.2578909429578E-001
    21825 0.5932310501674E-001 0.2564224411311E-001
    21826 0.5947443364068E-001 0.2551870426568E-001
    21827 0.5964418805575E-001 0.2542187901733E-001
    21828 0.5982768800765E-001 0.2535442543921E-001
    21829 0.6001988119337E-001 0.2531821022825E-001
    21830 0.6021547347236E-001 0.2531424931529E-001
    21831 0.6040907772080E-001 0.2534265910718E-001
    21832 0.5599412432019E-001 0.3580393075354E-001
    21833 0.5604263736975E-001 0.3564876563439E-001
    21834 0.5610019592251E-001 0.3546481352596E-001
    21835 0.5615975547982E-001 0.3527435666625E-001
    21836 0.5621931433541E-001 0.3508390605551E-001
    21837 0.5627887176401E-001 0.3489346185543E-001
    21838 0.5633842475225E-001 0.3470301532355E-001
    21839 0.5639797509522E-001 0.3451257136845E-001
    21840 0.5645752259269E-001 0.3432213546753E-001
    21841 0.5651707302477E-001 0.3413170186389E-001
    21842 0.5657662166199E-001 0.3394126798807E-001
    21843 0.5663616584764E-001 0.3375083866181E-001
    21844 0.5669570423406E-001 0.3356041272595E-001
    21845 0.5675522887767E-001 0.3336999332978E-001
    21846 0.5681475084724E-001 0.3317957660564E-001
    21847 0.5687426476251E-001 0.3298916033575E-001
    21848 0.5693378816447E-001 0.3279874517106E-001
    21849 0.5699331540659E-001 0.3260833472104E-001
    21850 0.5705283978912E-001 0.3241792523538E-001
    21851 0.5711236443750E-001 0.3222751808665E-001
    21852 0.5717189585654E-001 0.3203710866399E-001
    21853 0.5723142265067E-001 0.3184670061557E-001
    21854 0.5729094638174E-001 0.3165630075830E-001
    21855 0.5735047404864E-001 0.3146590111366E-001
    21856 0.5741000273663E-001 0.3127550630303E-001
    21857 0.5746953164537E-001 0.3108511572559E-001
    21858 0.5752906715592E-001 0.3089472911997E-001
    21859 0.5758859907983E-001 0.3070434679052E-001
    21860 0.5764812968685E-001 0.3051396238084E-001
    21861 0.5770765407149E-001 0.3032358768231E-001
    21862 0.5776717854619E-001 0.3013320735897E-001
    21863 0.5782670322907E-001 0.2994283653740E-001
    21864 0.5788623360160E-001 0.2975246895039E-001
    21865 0.5794576790824E-001 0.2956210483615E-001
    21866 0.5800530617036E-001 0.2937174000817E-001
    21867 0.5806484449678E-001 0.2918137992110E-001
    21868 0.5812438250097E-001 0.2899101850859E-001
    21869 0.5818392364198E-001 0.2880066534321E-001
    21870 0.5824346731898E-001 0.2861031699077E-001
    21871 0.5830301332164E-001 0.2841997529487E-001
    21872 0.5836256117903E-001 0.2822963383497E-001
    21873 0.5842212053345E-001 0.2803929721643E-001
    21874 0.5848168145919E-001 0.2784896017999E-001
    21875 0.5854124304867E-001 0.2765863271148E-001
    21876 0.5860081504113E-001 0.2746830914144E-001
    21877 0.5866039167617E-001 0.2727798823047E-001
    21878 0.5871997652730E-001 0.2708766949437E-001
    21879 0.5877957406930E-001 0.2689736009049E-001
    21880 0.5883917832425E-001 0.2670705122284E-001
    21881 0.5889879620899E-001 0.2651675094702E-001
    21882 0.5895842345814E-001 0.2632645846586E-001
    21883 0.5594874796043E-001 0.3594911040262E-001
    21884 0.5617698085580E-001 0.3638580058632E-001
    21885 0.5593315926934E-001 0.3603913708221E-001
    21886 0.5594157722384E-001 0.3613049041476E-001
    21887 0.5597330624964E-001 0.3621608440029E-001
    21888 0.5602600660516E-001 0.3629036177686E-001
    21889 0.5609601894962E-001 0.3634837683736E-001
    21890 0.5669377818596E-001 0.3654826449850E-001
    21891 0.5659707328218E-001 0.3651788625051E-001
    21892 0.5644711626920E-001 0.3647075027106E-001
    21893 0.5628709889815E-001 0.3642042459683E-001
    21894 0.5681950285580E-001 0.3714524075946E-001
    21895 0.5688067304919E-001 0.3707523956952E-001
    21896 0.5692095701946E-001 0.3699248722613E-001
    21897 0.5693832726267E-001 0.3690102574151E-001
    21898 0.5693085758749E-001 0.3680774180031E-001
    21899 0.5689967172544E-001 0.3672121199494E-001
    21900 0.5684692866560E-001 0.3664572009634E-001
    21901 0.5677555741742E-001 0.3658612467730E-001
    21902 0.5570694556115E-001 0.3812109352289E-001
    21903 0.5585655179913E-001 0.3798973547008E-001
    21904 0.5601246650825E-001 0.3785287778896E-001
    21905 0.5617078609603E-001 0.3771394760732E-001
    21906 0.5632917610312E-001 0.3757500239194E-001
    21907 0.5648758791572E-001 0.3743608930473E-001
    21908 0.5663236356294E-001 0.3730919869074E-001
    21909 0.5673976893104E-001 0.3721508778878E-001
    21910 0.5570650874238E-001 0.3910403704421E-001
    21911 0.5559571110588E-001 0.3895885257525E-001
    21912 0.5552675446543E-001 0.3879089584327E-001
    21913 0.5550355506132E-001 0.3861147880731E-001
    21914 0.5552772638729E-001 0.3843080593455E-001
    21915 0.5559808077228E-001 0.3826246439634E-001
    21916 0.5656971706635E-001 0.3997075114079E-001
    21917 0.5648362406854E-001 0.3988430795256E-001
    21918 0.5637950371636E-001 0.3977975165283E-001
    21919 0.5625260508295E-001 0.3965232561713E-001
    21920 0.5611480039885E-001 0.3951394109191E-001
    21921 0.5597643434485E-001 0.3937501056475E-001
    21922 0.5583868033942E-001 0.3923671436545E-001
    21923 0.5665848139678E-001 0.4003990472097E-001
    21924 0.5676130454761E-001 0.4008473576752E-001
    21925 0.5687204483587E-001 0.4010267500750E-001
    21926 0.5698381231541E-001 0.4009260951851E-001
    21927 0.5708969642466E-001 0.4005514121919E-001
    21928 0.5718324519440E-001 0.3999242746476E-001
