    20108 0.6890374088982E-001 0.5095745777289E-002
    20109 0.6848807402774E-001 0.4349535584636E-002
    20110 0.6889486937422E-001 0.5019569045903E-002
    20111 0.6888294297108E-001 0.4944598250139E-002
    20112 0.6886626926066E-001 0.4868765494923E-002
    20113 0.6884339391067E-001 0.4788685916871E-002
    20114 0.6881113367657E-001 0.4702498944207E-002
    20115 0.6876478161583E-001 0.4609591016401E-002
    20116 0.6869838517896E-001 0.4513143992685E-002
    20117 0.6860629135202E-001 0.4421374749429E-002
    20118 0.6783456669905E-001 0.4376096182994E-002
    20119 0.6837912569707E-001 0.4316297639486E-002
    20120 0.6827023156749E-001 0.4326613090001E-002
    20121 0.6816135044434E-001 0.4336933570882E-002
    20122 0.6805246623971E-001 0.4347041459156E-002
    20123 0.6794358720339E-001 0.4359214928902E-002
    20124 0.6716721895542E-001 0.4958566844973E-002
    20125 0.6773139041515E-001 0.4389393958282E-002
    20126 0.6759648628446E-001 0.4432171314731E-002
    20127 0.6744981709380E-001 0.4517136744963E-002
    20128 0.6732300796239E-001 0.4637622204182E-002
    20129 0.6722599609514E-001 0.4787908086151E-002
    20130 0.6696975660097E-001 0.5928853383831E-002
    20131 0.6699648443281E-001 0.5792974869501E-002
    20132 0.6703819118796E-001 0.5583400300620E-002
    20133 0.6708169436933E-001 0.5368580987181E-002
    20134 0.6712522149146E-001 0.5157904736033E-002
    20135 0.6628996152807E-001 0.6078306349034E-002
    20136 0.6693789037853E-001 0.6025665290160E-002
    20137 0.6688331000115E-001 0.6110811496475E-002
    20138 0.6680925030885E-001 0.6178766360814E-002
    20139 0.6672143481993E-001 0.6224362152862E-002
    20140 0.6662459867540E-001 0.6245096984626E-002
    20141 0.6652585749965E-001 0.6239084087909E-002
    20142 0.6643339075899E-001 0.6207196265052E-002
    20143 0.6635258898867E-001 0.6151806534773E-002
    20144 0.6571313510419E-001 0.5200345372145E-002
    20145 0.6622611992542E-001 0.5980154767766E-002
    20146 0.6613156073639E-001 0.5835369941702E-002
    20147 0.6601881988049E-001 0.5663278600693E-002
    20148 0.6590455600281E-001 0.5489588135795E-002
    20149 0.6579728106681E-001 0.5327298569791E-002
    20150 0.6525465088241E-001 0.4993788333312E-002
    20151 0.6538823622810E-001 0.4994738142482E-002
    20152 0.6551518353091E-001 0.5031778424756E-002
    20153 0.6562656494690E-001 0.5102468924511E-002
    20154 0.6502347018460E-001 0.5085084997280E-002
    20155 0.6514873202944E-001 0.5035623553923E-002
    20156 0.4879550980078E-001 0.1582760351244E-001
    20157 0.6486489792505E-001 0.5190038492557E-002
    20158 0.6469757700865E-001 0.5300695499820E-002
    20159 0.6453011626960E-001 0.5411462953741E-002
    20160 0.6436266256273E-001 0.5522241076990E-002
    20161 0.6419521452953E-001 0.5633024502820E-002
    20162 0.6402776506935E-001 0.5743802806870E-002
    20163 0.6386031040604E-001 0.5854582010962E-002
    20164 0.6369285982989E-001 0.5965355823654E-002
    20165 0.6352540831419E-001 0.6076135575030E-002
    20166 0.6335795725314E-001 0.6186921255807E-002
    20167 0.6319051663047E-001 0.6297708217887E-002
    20168 0.6302307409231E-001 0.6408487899096E-002
    20169 0.6285563929515E-001 0.6519275050295E-002
    20170 0.6268820366685E-001 0.6630061642930E-002
    20171 0.6252076985916E-001 0.6740851126069E-002
    20172 0.6235333451979E-001 0.6851639122101E-002
    20173 0.6218590667278E-001 0.6962427244019E-002
    20174 0.6201847116214E-001 0.7073209962263E-002
    20175 0.6185103992033E-001 0.7183997186160E-002
    20176 0.6168361483926E-001 0.7294785223117E-002
    20177 0.6151618908735E-001 0.7405570989917E-002
    20178 0.6134876737620E-001 0.7516359550546E-002
    20179 0.6118134729397E-001 0.7627153547981E-002
    20180 0.6101392493387E-001 0.7737947381434E-002
    20181 0.6084649465037E-001 0.7848733223572E-002
    20182 0.6067907371036E-001 0.7959519331304E-002
    20183 0.6051164972182E-001 0.8070304214761E-002
    20184 0.6034422944984E-001 0.8181089682497E-002
    20185 0.6017681128701E-001 0.8291876864728E-002
    20186 0.6000939256057E-001 0.8402661355693E-002
    20187 0.5984196867486E-001 0.8513450817072E-002
    20188 0.5967455219053E-001 0.8624244828625E-002
    20189 0.5950714365732E-001 0.8735041575848E-002
    20190 0.5933974001797E-001 0.8845841144419E-002
    20191 0.5917232915423E-001 0.8956636820514E-002
    20192 0.5900491755856E-001 0.9067427673209E-002
    20193 0.5883750535171E-001 0.9178224327998E-002
    20194 0.5867008972074E-001 0.9289018834909E-002
    20195 0.5850268806076E-001 0.9399808537196E-002
    20196 0.5833528472733E-001 0.9510597910610E-002
    20197 0.5816787639539E-001 0.9621384116447E-002
    20198 0.5800046884090E-001 0.9732173955529E-002
    20199 0.5783307118239E-001 0.9842968245141E-002
    20200 0.5766567387767E-001 0.9953764977257E-002
    20201 0.5749828658523E-001 0.1006457169084E-001
    20202 0.5733089046574E-001 0.1017537945595E-001
    20203 0.5716349351833E-001 0.1028617076001E-001
    20204 0.5699610677999E-001 0.1039696825879E-001
    20205 0.5682871912285E-001 0.1050776571758E-001
    20206 0.5666132813744E-001 0.1061856294265E-001
    20207 0.5649392910477E-001 0.1072935710133E-001
    20208 0.5632652426500E-001 0.1084015268198E-001
    20209 0.5615912789146E-001 0.1095095362200E-001
    20210 0.5599173699725E-001 0.1106175538058E-001
    20211 0.5582434418554E-001 0.1117256223727E-001
    20212 0.5565695321994E-001 0.1128336978280E-001
    20213 0.5548957356551E-001 0.1139418165804E-001
    20214 0.5532219269756E-001 0.1150500047507E-001
    20215 0.5515480166063E-001 0.1161581381823E-001
    20216 0.5498743486207E-001 0.1172664052970E-001
    20217 0.5482006182005E-001 0.1183746488536E-001
    20218 0.5465268454092E-001 0.1194829239214E-001
    20219 0.5448530025366E-001 0.1205911924674E-001
    20220 0.5431790864796E-001 0.1216994171936E-001
    20221 0.5415051665495E-001 0.1228076610904E-001
    20222 0.5398311328509E-001 0.1239158886750E-001
    20223 0.5381570663082E-001 0.1250238776935E-001
    20224 0.5364829999474E-001 0.1261318091811E-001
    20225 0.5348091994453E-001 0.1272399603902E-001
    20226 0.5331355306770E-001 0.1283481600073E-001
    20227 0.5314618527109E-001 0.1294563649544E-001
    20228 0.5297881630544E-001 0.1305645723723E-001
    20229 0.5281144642190E-001 0.1316728018268E-001
    20230 0.5264407432339E-001 0.1327809932124E-001
    20231 0.5247670008589E-001 0.1338891184677E-001
    20232 0.5230932217694E-001 0.1349971596618E-001
    20233 0.5214194027674E-001 0.1361052065931E-001
    20234 0.5197455489093E-001 0.1372132617465E-001
    20235 0.5180717928531E-001 0.1383212729932E-001
    20236 0.5163981834315E-001 0.1394294224898E-001
    20237 0.5147244514714E-001 0.1405375825208E-001
    20238 0.5130511447991E-001 0.1416459342052E-001
    20239 0.5113779009483E-001 0.1427543788960E-001
    20240 0.5097046063931E-001 0.1438628026206E-001
    20241 0.5080313331167E-001 0.1449713017818E-001
    20242 0.5063579936322E-001 0.1460797576518E-001
    20243 0.5046846296833E-001 0.1471882662324E-001
    20244 0.5030112580755E-001 0.1482967508142E-001
    20245 0.5013378452624E-001 0.1494052679196E-001
    20246 0.4996644067116E-001 0.1505137779199E-001
    20247 0.4979909607370E-001 0.1516221762992E-001
    20248 0.4963174199649E-001 0.1527307119592E-001
    20249 0.4946438763481E-001 0.1538391746166E-001
    20250 0.4929709689259E-001 0.1549481199646E-001
    20251 0.4912987343307E-001 0.1560572412194E-001
    20252 0.4896270137856E-001 0.1571665629110E-001
    20253 0.4797924127602E-001 0.1614701946025E-001
    20254 0.4859211794674E-001 0.1590721006007E-001
    20255 0.4838831189834E-001 0.1598702187765E-001
    20256 0.4818402500283E-001 0.1606699306327E-001
    20257 0.4837381077833E-001 0.1885365958331E-001
    20258 0.4780664860579E-001 0.1629516696373E-001
    20259 0.4765908026439E-001 0.1646608013129E-001
    20260 0.4753974454941E-001 0.1665534606243E-001
    20261 0.4745091888867E-001 0.1685805241379E-001
    20262 0.4739393631738E-001 0.1706903584322E-001
    20263 0.4736896560808E-001 0.1728295974802E-001
    20264 0.4737507072751E-001 0.1749477821489E-001
    20265 0.4741034204111E-001 0.1769992763525E-001
    20266 0.4747201458486E-001 0.1789460995161E-001
    20267 0.4755685661888E-001 0.1807595210409E-001
    20268 0.4766139678466E-001 0.1824218038181E-001
    20269 0.4778220928752E-001 0.1839244709371E-001
    20270 0.4791611306661E-001 0.1852704464765E-001
    20271 0.4806057389030E-001 0.1864731907063E-001
    20272 0.4821406613833E-001 0.1875532382190E-001
    20273 0.5029277342640E-001 0.1964933472445E-001
    20274 0.4855737852647E-001 0.1895312366342E-001
    20275 0.4874466929914E-001 0.1904370869911E-001
    20276 0.4893393656687E-001 0.1912950414571E-001
    20277 0.4912454042600E-001 0.1921211580923E-001
    20278 0.4931603557215E-001 0.1929260328722E-001
    20279 0.4950832358984E-001 0.1937125107177E-001
    20280 0.4970150476338E-001 0.1944777173459E-001
    20281 0.4989604129566E-001 0.1952110385524E-001
    20282 0.5009257075498E-001 0.1958965520856E-001
    20283 0.5166330605087E-001 0.1960506041167E-001
    20284 0.5048366778962E-001 0.1969474906683E-001
    20285 0.5067486288809E-001 0.1972782836328E-001
    20286 0.5086879037935E-001 0.1974522480202E-001
    20287 0.5106600773657E-001 0.1974445427765E-001
    20288 0.5126596425033E-001 0.1972296235120E-001
    20289 0.5146654910063E-001 0.1967719210202E-001
    20290 0.5182568679961E-001 0.1949305151210E-001
    20291 0.6763899828431E-001 0.9030922782681E-002
    20292 0.5199236367743E-001 0.1938297467823E-001
    20293 0.5215901100443E-001 0.1927288485911E-001
    20294 0.5232563572618E-001 0.1916278511780E-001
    20295 0.5249224257269E-001 0.1905268144372E-001
    20296 0.5265883968225E-001 0.1894257361324E-001
    20297 0.5282543556404E-001 0.1883247176414E-001
    20298 0.5299202975967E-001 0.1872236545864E-001
    20299 0.5315862169558E-001 0.1861225162405E-001
    20300 0.5332521460907E-001 0.1850214022409E-001
    20301 0.5349180873484E-001 0.1839202295994E-001
    20302 0.5365837874528E-001 0.1828190346792E-001
    20303 0.5382494283062E-001 0.1817178272421E-001
    20304 0.5399151312791E-001 0.1806166285521E-001
    20305 0.5415808482215E-001 0.1795155083056E-001
    20306 0.5432465424741E-001 0.1784143406590E-001
    20307 0.5449121913141E-001 0.1773131907391E-001
    20308 0.5465777908879E-001 0.1762120603046E-001
    20309 0.5482433867612E-001 0.1751108985818E-001
    20310 0.5499090585927E-001 0.1740097887319E-001
    20311 0.5515745864039E-001 0.1729085849860E-001
    20312 0.5532401314061E-001 0.1718074514263E-001
    20313 0.5549056272665E-001 0.1707062772588E-001
    20314 0.5565710627962E-001 0.1696050708769E-001
    20315 0.5582364788190E-001 0.1685038280551E-001
    20316 0.5599019082073E-001 0.1674026643830E-001
    20317 0.5615673670831E-001 0.1663014897239E-001
    20318 0.5632328219970E-001 0.1652003522104E-001
    20319 0.5648983306881E-001 0.1640992973873E-001
    20320 0.5665638499332E-001 0.1629982688475E-001
    20321 0.5682294109753E-001 0.1618972528070E-001
    20322 0.5698949938805E-001 0.1607962817856E-001
    20323 0.5715605784917E-001 0.1596953451429E-001
    20324 0.5732261797010E-001 0.1585944761795E-001
    20325 0.5748916385576E-001 0.1574936182713E-001
    20326 0.5765570770729E-001 0.1563927258178E-001
    20327 0.5782222955095E-001 0.1552917004858E-001
    20328 0.5798875326489E-001 0.1541906871776E-001
    20329 0.5815527441698E-001 0.1530897277646E-001
    20330 0.5832179668906E-001 0.1519887771816E-001
    20331 0.5848832002068E-001 0.1508878455091E-001
    20332 0.5865482547565E-001 0.1497869126087E-001
    20333 0.5882133601002E-001 0.1486859853459E-001
    20334 0.5898785052916E-001 0.1475850614200E-001
    20335 0.5915435623383E-001 0.1464841916643E-001
    20336 0.5932086481946E-001 0.1453833567755E-001
    20337 0.5948737298740E-001 0.1442825664841E-001
    20338 0.5965388422489E-001 0.1431817745227E-001
    20339 0.5982039502927E-001 0.1420810007150E-001
    20340 0.5998690771941E-001 0.1409802724974E-001
    20341 0.6015341028907E-001 0.1398794857836E-001
    20342 0.6031991097412E-001 0.1387787981147E-001
    20343 0.6048640495110E-001 0.1376781055842E-001
    20344 0.6065289882833E-001 0.1365774819265E-001
    20345 0.6081939588395E-001 0.1354769223929E-001
    20346 0.6098588240939E-001 0.1343763835125E-001
    20347 0.6115237356435E-001 0.1332758509800E-001
    20348 0.6131885950003E-001 0.1321753737605E-001
    20349 0.6148534030066E-001 0.1310748350770E-001
    20350 0.6165181501703E-001 0.1299743316305E-001
    20351 0.6181829209336E-001 0.1288738433928E-001
    20352 0.6198477190942E-001 0.1277733747648E-001
    20353 0.6215124580413E-001 0.1266728929558E-001
    20354 0.6231771852801E-001 0.1255724531629E-001
    20355 0.6248417468339E-001 0.1244719444302E-001
    20356 0.6265061909026E-001 0.1233713772252E-001
    20357 0.6281705409226E-001 0.1222707744620E-001
    20358 0.6298348234474E-001 0.1211701609598E-001
    20359 0.6314990507369E-001 0.1200694648074E-001
    20360 0.6331631461365E-001 0.1189686658494E-001
    20361 0.6348271547599E-001 0.1178678131959E-001
    20362 0.6364911541457E-001 0.1167668943502E-001
    20363 0.6381550284599E-001 0.1156659366223E-001
    20364 0.6398189627716E-001 0.1145648577119E-001
    20365 0.6414826842714E-001 0.1134636760089E-001
    20366 0.6431463012210E-001 0.1123624370379E-001
    20367 0.6448098158958E-001 0.1112611425731E-001
    20368 0.6464732011257E-001 0.1101597238527E-001
    20369 0.6481364937314E-001 0.1090582717244E-001
    20370 0.6497995761079E-001 0.1079567822720E-001
    20371 0.6514623582696E-001 0.1068551271266E-001
    20372 0.6531250184339E-001 0.1057533346611E-001
    20373 0.6547874469854E-001 0.1046513462483E-001
    20374 0.6564497235305E-001 0.1035491187565E-001
    20375 0.6581117591558E-001 0.1024466375272E-001
    20376 0.6597737416153E-001 0.1013439325173E-001
    20377 0.6614356057329E-001 0.1002410052970E-001
    20378 0.6630974710258E-001 0.9913798594855E-002
    20379 0.6647592720772E-001 0.9803479166221E-002
    20380 0.6664210136650E-001 0.9693154163262E-002
    20381 0.6680826931577E-001 0.9582817641951E-002
    20382 0.6697443409913E-001 0.9472470985652E-002
    20383 0.6714059222562E-001 0.9362126244265E-002
    20384 0.6730673877028E-001 0.9251758154617E-002
    20385 0.6747287497063E-001 0.9141358901060E-002
    20386 0.6833827669521E-001 0.8558330724867E-002
    20387 0.6781357818106E-001 0.8912565186160E-002
    20388 0.6798830611461E-001 0.8794340953595E-002
    20389 0.6816319342585E-001 0.8676260705596E-002
    20390 0.6877469329791E-001 0.7827010897079E-002
    20391 0.6850574046470E-001 0.8416630769202E-002
    20392 0.6863836305929E-001 0.8241528200126E-002
    20393 0.6872961686740E-001 0.8041270602637E-002
    20394 0.6879322914993E-001 0.7633523665256E-002
    20395 0.6881089230786E-001 0.7439907262781E-002
    20396 0.6882760054393E-001 0.7246163563079E-002
    20397 0.6884326624714E-001 0.7052308804461E-002
    20398 0.6885778629576E-001 0.6858360883077E-002
    20399 0.6887101989153E-001 0.6664362222947E-002
    20400 0.6888280381162E-001 0.6470369932511E-002
    20401 0.6889294596996E-001 0.6276454230055E-002
    20402 0.6890122270007E-001 0.6082746158103E-002
    20403 0.6890738594169E-001 0.5889413709651E-002
    20404 0.6891115022911E-001 0.5698047823002E-002
    20405 0.6891228511199E-001 0.5515595549548E-002
    20406 0.6891087188200E-001 0.5344690432215E-002
    20407 0.6890752159860E-001 0.5199591998524E-002
