    20408 0.5416103241963E-001 0.4310682406969E-001
    20409 0.5232061547449E-001 0.4512894096747E-001
    20410 0.5402974504019E-001 0.4326585474460E-001
    20411 0.5389765359949E-001 0.4342428561231E-001
    20412 0.5376469739152E-001 0.4358204108652E-001
    20413 0.5363081379366E-001 0.4373904726808E-001
    20414 0.5349592682116E-001 0.4389518099448E-001
    20415 0.5335994684941E-001 0.4405026590976E-001
    20416 0.5322277819137E-001 0.4420412183582E-001
    20417 0.5308433464116E-001 0.4435649065188E-001
    20418 0.5294452965501E-001 0.4450704113313E-001
    20419 0.5280332642682E-001 0.4465539543536E-001
    20420 0.5266073745814E-001 0.4480105294840E-001
    20421 0.5251974489969E-001 0.4494055990894E-001
    20422 0.5240001638978E-001 0.4505513871139E-001
    20423 0.5436963720839E-001 0.4228110539975E-001
    20424 0.5438783549250E-001 0.4249972346863E-001
    20425 0.5435778404489E-001 0.4271732014378E-001
    20426 0.5428068487659E-001 0.4292345178062E-001
    20427 0.5420941943142E-001 0.4145242782688E-001
    20428 0.5424915315612E-001 0.4165957828045E-001
    20429 0.5428908889750E-001 0.4186673203285E-001
    20430 0.5432924070666E-001 0.4207390209545E-001
    20431 0.5042569070292E-001 0.2287289709843E-001
    20432 0.5046573170895E-001 0.2306858518958E-001
    20433 0.5050574069823E-001 0.2326425832897E-001
    20434 0.5054572657450E-001 0.2345992872241E-001
    20435 0.5058568707056E-001 0.2365559286044E-001
    20436 0.5062561565947E-001 0.2385124065774E-001
    20437 0.5066554203137E-001 0.2404688937754E-001
    20438 0.5070546369378E-001 0.2424253795501E-001
    20439 0.5074538502718E-001 0.2443817904484E-001
    20440 0.5078530344488E-001 0.2463382380146E-001
    20441 0.5082522432902E-001 0.2482946937803E-001
    20442 0.5086514373811E-001 0.2502511020489E-001
    20443 0.5090505045059E-001 0.2522075050268E-001
    20444 0.5094494631386E-001 0.2541639097496E-001
    20445 0.5098484418592E-001 0.2561203255143E-001
    20446 0.5102474828145E-001 0.2580767439520E-001
    20447 0.5106464572021E-001 0.2600330593414E-001
    20448 0.5110453429388E-001 0.2619893268880E-001
    20449 0.5114440998855E-001 0.2639455272087E-001
    20450 0.5118428943016E-001 0.2659017674495E-001
    20451 0.5122417159869E-001 0.2678579487904E-001
    20452 0.5126405911348E-001 0.2698142141380E-001
    20453 0.5130395152809E-001 0.2717704518357E-001
    20454 0.5134384425774E-001 0.2737266403762E-001
    20455 0.5138374264194E-001 0.2756828647617E-001
    20456 0.5142364748294E-001 0.2776390796578E-001
    20457 0.5146355492186E-001 0.2795952881746E-001
    20458 0.5150346566851E-001 0.2815515005535E-001
    20459 0.5154338178947E-001 0.2835077254639E-001
    20460 0.5158330434033E-001 0.2854639503568E-001
    20461 0.5162322019646E-001 0.2874201410564E-001
    20462 0.5166313161745E-001 0.2893763770640E-001
    20463 0.5170304578946E-001 0.2913325472603E-001
    20464 0.5174296177541E-001 0.2932887421872E-001
    20465 0.5178288465016E-001 0.2952449098845E-001
    20466 0.5182280743265E-001 0.2972010972440E-001
    20467 0.5186273158207E-001 0.2991572664884E-001
    20468 0.5190265119056E-001 0.3011133291375E-001
    20469 0.5194257334551E-001 0.3030694236894E-001
    20470 0.5198248796015E-001 0.3050254549284E-001
    20471 0.5202239559940E-001 0.3069814532421E-001
    20472 0.5206229725973E-001 0.3089374036937E-001
    20473 0.5210220487606E-001 0.3108933278853E-001
    20474 0.5214211890329E-001 0.3128491589030E-001
    20475 0.5218203336349E-001 0.3148050097353E-001
    20476 0.5222195077255E-001 0.3167608572093E-001
    20477 0.5226186733359E-001 0.3187166731845E-001
    20478 0.5230179040247E-001 0.3206724723010E-001
    20479 0.5234169322123E-001 0.3226282714152E-001
    20480 0.5238158929702E-001 0.3245840466493E-001
    20481 0.5242148732524E-001 0.3265398067115E-001
    20482 0.5246138696178E-001 0.3284955269694E-001
    20483 0.5250128994263E-001 0.3304512148244E-001
    20484 0.5254119559981E-001 0.3324068397475E-001
    20485 0.5258110559458E-001 0.3343624352378E-001
    20486 0.5262102073829E-001 0.3363180191858E-001
    20487 0.5266093007223E-001 0.3382735511989E-001
    20488 0.5270084534341E-001 0.3402291564026E-001
    20489 0.5274075280861E-001 0.3421847511398E-001
    20490 0.5278065916526E-001 0.3441401732009E-001
    20491 0.5282056654562E-001 0.3460956401416E-001
    20492 0.5286046469018E-001 0.3480509880402E-001
    20493 0.5290036863931E-001 0.3500063502017E-001
    20494 0.5294026756533E-001 0.3519616267206E-001
    20495 0.5298016262974E-001 0.3539167622384E-001
    20496 0.5302004629934E-001 0.3558718873851E-001
    20497 0.5305991806506E-001 0.3578269937046E-001
    20498 0.5309978063290E-001 0.3597820759360E-001
    20499 0.5313963586012E-001 0.3617370968866E-001
    20500 0.5317947878602E-001 0.3636921802718E-001
    20501 0.5321931066346E-001 0.3656472251348E-001
    20502 0.5325911287586E-001 0.3676022386966E-001
    20503 0.5329889980470E-001 0.3695573175759E-001
    20504 0.5333867319806E-001 0.3715123410992E-001
    20505 0.5337843775972E-001 0.3734673370216E-001
    20506 0.5341819515568E-001 0.3754223487383E-001
    20507 0.5345793648798E-001 0.3773772953758E-001
    20508 0.5349766456721E-001 0.3793322316661E-001
    20509 0.5353738371604E-001 0.3812871614415E-001
    20510 0.5357707788429E-001 0.3832420729479E-001
    20511 0.5361675321984E-001 0.3851969347172E-001
    20512 0.5365640306258E-001 0.3871516912855E-001
    20513 0.5369601479873E-001 0.3891064646375E-001
    20514 0.5373560394985E-001 0.3910613394471E-001
    20515 0.5377518320368E-001 0.3930161909268E-001
    20516 0.5381473076363E-001 0.3949711753259E-001
    20517 0.5385425971490E-001 0.3969262069641E-001
    20518 0.5389377174348E-001 0.3988813525654E-001
    20519 0.5393326618556E-001 0.4008365350266E-001
    20520 0.5397275430018E-001 0.4027917272847E-001
    20521 0.5401223298845E-001 0.4047469915150E-001
    20522 0.5405169956762E-001 0.4067023411787E-001
    20523 0.5409114882729E-001 0.4086576997405E-001
    20524 0.5413058538935E-001 0.4106129763097E-001
    20525 0.5417001091338E-001 0.4125684921398E-001
    20526 0.5039012450452E-001 0.2267885597721E-001
    20527 0.4945226796817E-001 0.2167832799065E-001
    20528 0.4961936939332E-001 0.2178119625478E-001
    20529 0.4977794692604E-001 0.2189300512302E-001
    20530 0.4992737533214E-001 0.2201785566673E-001
    20531 0.5006630779785E-001 0.2215787855759E-001
    20532 0.5019249668864E-001 0.2231450423243E-001
    20533 0.5030201811394E-001 0.2248870579211E-001
    20534 0.4753276473419E-001 0.2088393682390E-001
    20535 0.4773289954547E-001 0.2094342400829E-001
    20536 0.4792937263398E-001 0.2101182181016E-001
    20537 0.4812387674604E-001 0.2108500128543E-001
    20538 0.4831706778380E-001 0.2116137465209E-001
    20539 0.4850938586860E-001 0.2123987769042E-001
    20540 0.4870094434816E-001 0.2132024394086E-001
    20541 0.4889164448010E-001 0.2140275452567E-001
    20542 0.4908104295569E-001 0.2148846868798E-001
    20543 0.4926848893684E-001 0.2157896503881E-001
    20544 0.4534052244844E-001 0.2251891665762E-001
    20545 0.4532321550965E-001 0.2229212838527E-001
    20546 0.4533969447831E-001 0.2206690925753E-001
    20547 0.4538911522346E-001 0.2184865877896E-001
    20548 0.4546959150583E-001 0.2164246949781E-001
    20549 0.4557841035145E-001 0.2145295790212E-001
    20550 0.4571193005565E-001 0.2128400549603E-001
    20551 0.4586596673464E-001 0.2113853858064E-001
    20552 0.4603592279132E-001 0.2101840560834E-001
    20553 0.4621713857426E-001 0.2092435358095E-001
    20554 0.4640531574015E-001 0.2085612743940E-001
    20555 0.4659669991363E-001 0.2081251678590E-001
    20556 0.4678833559018E-001 0.2079169010467E-001
    20557 0.4697819052831E-001 0.2079120553983E-001
    20558 0.4716537829063E-001 0.2080831209407E-001
    20559 0.4735028713019E-001 0.2084049544813E-001
    20560 0.4569195137349E-001 0.2332192792632E-001
    20561 0.4560439010203E-001 0.2312182323108E-001
    20562 0.4551668935716E-001 0.2292128722583E-001
    20563 0.4542875988506E-001 0.2272029395108E-001
    20564 0.4956977527073E-001 0.4239251711335E-001
    20565 0.4952967125236E-001 0.4219584452296E-001
    20566 0.4948959924042E-001 0.4199919711265E-001
    20567 0.4944954069060E-001 0.4180255709304E-001
    20568 0.4940949678576E-001 0.4160592662185E-001
    20569 0.4936945752851E-001 0.4140929975016E-001
    20570 0.4932942699183E-001 0.4121267341866E-001
    20571 0.4928938514634E-001 0.4101604955999E-001
    20572 0.4924933935526E-001 0.4081942933824E-001
    20573 0.4920930076374E-001 0.4062280241788E-001
    20574 0.4916926133682E-001 0.4042618351263E-001
    20575 0.4912922841566E-001 0.4022956582014E-001
    20576 0.4908919396440E-001 0.4003294548875E-001
    20577 0.4904915861456E-001 0.3983632678276E-001
    20578 0.4900911983428E-001 0.3963970847125E-001
    20579 0.4896909288230E-001 0.3944309177421E-001
    20580 0.4892906545618E-001 0.3924647468583E-001
    20581 0.4888903816464E-001 0.3904985512868E-001
    20582 0.4884901424863E-001 0.3885323694718E-001
    20583 0.4880898090729E-001 0.3865662265650E-001
    20584 0.4876896138537E-001 0.3846001031540E-001
    20585 0.4872893766510E-001 0.3826339378819E-001
    20586 0.4868891230321E-001 0.3806677678755E-001
    20587 0.4864890259204E-001 0.3787016872309E-001
    20588 0.4860889249676E-001 0.3767356285400E-001
    20589 0.4856888142474E-001 0.3747695183935E-001
    20590 0.4852887036789E-001 0.3728033631151E-001
    20591 0.4848885536088E-001 0.3708372733142E-001
    20592 0.4844884244861E-001 0.3688711490320E-001
    20593 0.4840882718980E-001 0.3669050202012E-001
    20594 0.4836880513447E-001 0.3649389076657E-001
    20595 0.4832878931423E-001 0.3629728767682E-001
    20596 0.4828877049125E-001 0.3610068187651E-001
    20597 0.4824874918991E-001 0.3590407302086E-001
    20598 0.4820873205570E-001 0.3570746372473E-001
    20599 0.4816870788613E-001 0.3551085924563E-001
    20600 0.4812869751846E-001 0.3531426219841E-001
    20601 0.4808869057033E-001 0.3511765380004E-001
    20602 0.4804868067394E-001 0.3492105518841E-001
    20603 0.4800867303768E-001 0.3472444921687E-001
    20604 0.4796867205405E-001 0.3452784456462E-001
    20605 0.4792867209563E-001 0.3433123904774E-001
    20606 0.4788866974594E-001 0.3413463144313E-001
    20607 0.4784865729838E-001 0.3393802036533E-001
    20608 0.4780865481665E-001 0.3374140376044E-001
    20609 0.4776865056790E-001 0.3354479233768E-001
    20610 0.4772864542738E-001 0.3334817285075E-001
    20611 0.4768864829242E-001 0.3315156466677E-001
    20612 0.4764865303032E-001 0.3295495528289E-001
    20613 0.4760867734000E-001 0.3275835828518E-001
    20614 0.4756869367069E-001 0.3256175377044E-001
    20615 0.4752871252213E-001 0.3236515578283E-001
    20616 0.4748873104423E-001 0.3216855204960E-001
    20617 0.4744874625029E-001 0.3197195407442E-001
    20618 0.4740877045147E-001 0.3177535403408E-001
    20619 0.4736879509137E-001 0.3157875620509E-001
    20620 0.4732881145470E-001 0.3138216004155E-001
    20621 0.4728882223629E-001 0.3118555903777E-001
    20622 0.4724883049246E-001 0.3098895545833E-001
    20623 0.4720884339011E-001 0.3079235571787E-001
    20624 0.4716887123787E-001 0.3059576290320E-001
    20625 0.4712889506620E-001 0.3039916560824E-001
    20626 0.4708891734614E-001 0.3020256512609E-001
    20627 0.4704894080009E-001 0.3000597412127E-001
    20628 0.4700895580259E-001 0.2980937591631E-001
    20629 0.4696897708859E-001 0.2961277612456E-001
    20630 0.4692900399590E-001 0.2941617647000E-001
    20631 0.4688905740359E-001 0.2921958429713E-001
    20632 0.4684910368437E-001 0.2902298693698E-001
    20633 0.4680913965177E-001 0.2882639023996E-001
    20634 0.4676917502247E-001 0.2862978518747E-001
    20635 0.4672921911405E-001 0.2843318659057E-001
    20636 0.4668929642839E-001 0.2823659918426E-001
    20637 0.4664937149192E-001 0.2804001054467E-001
    20638 0.4660943827408E-001 0.2784341489941E-001
    20639 0.4656950167676E-001 0.2764681993633E-001
    20640 0.4652955879748E-001 0.2745022201196E-001
    20641 0.4648961256722E-001 0.2725363012247E-001
    20642 0.4644966187470E-001 0.2705703313160E-001
    20643 0.4640970698204E-001 0.2686043710236E-001
    20644 0.4636977641813E-001 0.2666385027066E-001
    20645 0.4632984924254E-001 0.2646726114379E-001
    20646 0.4628991201138E-001 0.2627067027613E-001
    20647 0.4624997197173E-001 0.2607407330313E-001
    20648 0.4621003136044E-001 0.2587747256660E-001
    20649 0.4617009360587E-001 0.2568087631540E-001
    20650 0.4613014011224E-001 0.2548428566877E-001
    20651 0.4609022734293E-001 0.2528769310839E-001
    20652 0.4605034249682E-001 0.2509111156560E-001
    20653 0.4601046543214E-001 0.2489452892139E-001
    20654 0.4597058531266E-001 0.2469794515976E-001
    20655 0.4593070578773E-001 0.2450135541818E-001
    20656 0.4589082605723E-001 0.2430475909035E-001
    20657 0.4585100136254E-001 0.2410818559530E-001
    20658 0.4581119535841E-001 0.2391160531318E-001
    20659 0.4577144227992E-001 0.2371505390836E-001
    20660 0.4573169405901E-001 0.2351848833409E-001
    20661 0.4966861525446E-001 0.4262058807584E-001
    20662 0.4962623119740E-001 0.4252276726134E-001
    20663 0.5013877221760E-001 0.4279881363512E-001
    20664 0.4976402121913E-001 0.4271463295918E-001
    20665 0.4988009693157E-001 0.4277817258070E-001
    20666 0.5000858608095E-001 0.4280680698541E-001
    20667 0.5116744891047E-001 0.4258600046788E-001
    20668 0.5107190609222E-001 0.4260622473061E-001
    20669 0.5092764979517E-001 0.4263653568425E-001
    20670 0.5074309506774E-001 0.4267504344849E-001
    20671 0.5056237725524E-001 0.4271244972045E-001
    20672 0.5039871021109E-001 0.4274603758005E-001
    20673 0.5025848635739E-001 0.4277455068721E-001
    20674 0.5154232104555E-001 0.4317247503022E-001
    20675 0.5126659543897E-001 0.4257850474611E-001
    20676 0.5136317809684E-001 0.4259739174363E-001
    20677 0.5145115044076E-001 0.4264135121934E-001
    20678 0.5152409351915E-001 0.4270724237530E-001
    20679 0.5157703794191E-001 0.4279061828983E-001
    20680 0.5160619666440E-001 0.4288568330153E-001
    20681 0.5160965576815E-001 0.4298540057722E-001
    20682 0.5158740274834E-001 0.4308388324245E-001
    20683 0.5099561113969E-001 0.4399824023708E-001
    20684 0.5148311169153E-001 0.4326060735635E-001
    20685 0.5140630700168E-001 0.4337529556973E-001
    20686 0.5131059425807E-001 0.4351890138553E-001
    20687 0.5120374088786E-001 0.4368027337602E-001
    20688 0.5109784977508E-001 0.4384142946887E-001
    20689 0.5105536860026E-001 0.4488213806953E-001
    20690 0.5091698647388E-001 0.4415895582239E-001
    20691 0.5087898692444E-001 0.4433268071328E-001
    20692 0.5088325981361E-001 0.4451102850669E-001
    20693 0.5092702863758E-001 0.4467483325983E-001
    20694 0.5099255026080E-001 0.4480084443054E-001
    20695 0.5149927466375E-001 0.4536249755021E-001
    20696 0.5141100849563E-001 0.4531882920937E-001
    20697 0.5134824272575E-001 0.4524955829973E-001
    20698 0.5128904155150E-001 0.4517663959212E-001
    20699 0.5122913161656E-001 0.4510495538395E-001
    20700 0.5116928588200E-001 0.4503224184273E-001
    20701 0.5111139619319E-001 0.4495886467656E-001
    20702 0.5163523877199E-001 0.4539540702049E-001
    20703 0.5176572649593E-001 0.4539521773674E-001
    20704 0.5188100909600E-001 0.4537363514580E-001
    20705 0.5197894308037E-001 0.4534067008008E-001
    20706 0.5206232430849E-001 0.4530258270945E-001
    20707 0.5213477569103E-001 0.4526222858108E-001
    20708 0.5220043221226E-001 0.4522014046487E-001
    20709 0.5226132151688E-001 0.4517592799949E-001
